=== MLP (Landmark Classifier) ===
              precision    recall  f1-score   support

           a       0.33      1.00      0.50         1
           b       1.00      1.00      1.00        13
           c       0.86      1.00      0.92         6
           d       1.00      1.00      1.00        12
           e       0.80      1.00      0.89         4
           f       1.00      1.00      1.00        14
           g       1.00      1.00      1.00        11
           h       1.00      1.00      1.00        11
           i       1.00      1.00      1.00        10
           j       1.00      1.00      1.00         3
           k       1.00      1.00      1.00        14
           l       1.00      1.00      1.00        13
           m       1.00      1.00      1.00         2
           n       0.00      0.00      0.00         0
           o       1.00      0.75      0.86         4
           p       1.00      1.00      1.00         9
           q       1.00      1.00      1.00         1
           r       1.00      1.00      1.00        13
           s       0.75      0.75      0.75         4
           t       0.00      0.00      0.00         1
           u       1.00      1.00      1.00        12
           v       1.00      1.00      1.00         9
           w       1.00      1.00      1.00        11
           x       1.00      1.00      1.00        12
           y       1.00      0.71      0.83         7
           z       1.00      1.00      1.00        11

    accuracy                           0.98       208
   macro avg       0.87      0.89      0.88       208
weighted avg       0.98      0.98      0.98       208


=== EfficientNetB0 (Image Classifier) ===
              precision    recall  f1-score   support

           a       0.33      1.00      0.50         1
           b       1.00      0.92      0.96        13
           c       0.80      0.67      0.73         6
           d       0.92      1.00      0.96        12
           e       0.80      1.00      0.89         4
           f       0.88      1.00      0.93        14
           g       1.00      1.00      1.00        11
           h       1.00      1.00      1.00        11
           i       1.00      0.90      0.95        10
           j       1.00      1.00      1.00         3
           k       0.93      0.93      0.93        14
           l       0.92      0.92      0.92        13
           m       1.00      1.00      1.00         2
           n       0.00      0.00      0.00         0
           o       1.00      0.75      0.86         4
           p       1.00      1.00      1.00         9
           q       0.50      1.00      0.67         1
           r       1.00      0.92      0.96        13
           s       0.75      0.75      0.75         4
           t       0.00      0.00      0.00         1
           u       1.00      0.92      0.96        12
           v       1.00      0.78      0.88         9
           w       0.85      1.00      0.92        11
           x       0.92      1.00      0.96        12
           y       1.00      0.71      0.83         7
           z       0.92      1.00      0.96        11

    accuracy                           0.93       208
   macro avg       0.83      0.85      0.83       208
weighted avg       0.94      0.93      0.93       208
